@DEFR
NVDE____
6
  0.000000000000000E+000  0.000000000000000E+000 -6.400328302740263E-002 16 O
  0.000000000000000E+000  0.792836654487448       0.512026264219221      1  H
  0.000000000000000E+000 -0.792836654487448       0.512026264219221      1  H
  0.000000000000000E+000  0.000000000000000E+000  0.165996716972597      0  M
  0.732813006922696       0.000000000000000E+000 -0.567651708900964      0  L
 -0.732813006922696       0.000000000000000E+000 -0.567651708900964      0  L
0.714589995838851        3.11500000000000       0.000000000000000E+000 //eps/kJ/mol, sig/AA, charge/e
0.115377020552525       0.673000000000000       0.477000000000000       
0.115377020552525       0.673000000000000       0.477000000000000       
0.000000000000000E+000  0.000000000000000E+000 -0.866000000000000       
0.000000000000000E+000  0.000000000000000E+000 -4.400000000000000E-002  
0.000000000000000E+000  0.000000000000000E+000 -4.400000000000000E-002  
@DEFR
TIP4P   
4
0  0                       -6.50980307353661025e-02 16 O
0  0                        8.49019692646338919e-02 0  M
0  7.56950327263661182e-01  5.20784245882928820e-01 1  H
0 -7.56950327263661182e-01  5.20784245882928820e-01 1  H
0.6486943333333333333333333  3.15357794197649532464  0
0         0       -1.04
0         0       +0.52
0         0       +0.52
@DEFR
TIP4P2K5
4
0 0 -0.065098030735366103 16 O
0 0 0.089501969264633899 0 M
0 0.75695032726366118 0.52078424588292882 1 H
0 -0.75695032726366118 0.52078424588292882 1 H
0.77490376061127586 3.1589 0
0 0 -1.1128
0 0 0.55640000000000001
0 0 0.55640000000000001
@DEFR
EPM2CO2 
3
0 0 0 12           C
0 0 -1.149 16      O
0 0 +1.149 16      O
0.233864506 2.757  0.6512
0.669335198 3.033 -0.3256
0.669335198 3.033 -0.3256
@DEFP
LJME____
1
16 Me
1.2355 3.758 0.0
@DEFP
LJXE____
1
131.3 Xe
1.9205 4.047 0.0
@DEFP
LJET____
1
30.07 Et
1.736 4.520 0.0
@DEFP
LJPR____
1
44.09 Pr
2.0129 5.637 0.0
@DEFR
BR2_____
2
0 0 1.14 79.9 Br
0 0 -1.14 79.9 Br
1.413 3.600 0.0
1.413 3.600 0.0
@DEFP
TIP4PLJ 
1
18 W
0.6486943333333333333333333  3.15357794197649532464  0
@DEFR
BR22____
2
0 0 0 79.9 Br
0 0 0 79.9 Br
1.413 4.860 0.0
1.413 4.860 0.0
@DEFP
BR23____
1
159.8 Br2
5.652 4.860 0.0
@DEFR
BR24____
2
0 0 0.00001 79.9 Br
0 0 -0.00001 79.9 Br
1.413 4.860 0.0
1.413 4.860 0.0
@DEFR
PROPANHT
3
-1.26808230011 0.27010680749 0.0 15.0 C1
0.0 -0.578800301764 0.0 14.0 C2
1.26808230011 0.27010680749 0.0 15.0 C3
0.7322 3.87 0.0
0.4937 3.87 0.0
0.7322 3.87 0.0
@DEFR
ETHANEHT
2
0 0  0.765 15.0 C1
0 0 -0.765 15.0 C2
0.866 3.775 0
0.866 3.775 0
